9780786838653
9781423103349
9781423101482
9781423101499
9781423101505
9780590353427
9780439064873
9780439136365
9780439139601
9780439358071
9780439785969
9780545139700
9780064400312
9780064400084
9780064400077
9780064400060
9780064400053
9780064400046
9780064400022
9780064400039
9780064400015
9780440421856
9780312369811
9780544022744
9780544439337
9780763648497
9780763648534
9780763648596
9780763648572
9780763648619
9780763648510
9780763648633
9780763648558
9780763643492
9780763664268
9780763664206
9780763664244
9780763664213
9780763664251
9780763664237
9780142410899
9780142406335
9780142403525
9780060507008
9780060507022
9780060507046
9780060507060
9780060745189
9780060745202
9780060745226
9780060822231
9780060822255
9780060822279
9780060822293
9780060822316
9780060853808
9780060853822
9780061141515
9780061141539
9780061234736
9780061234750
9780061234774
9780061234798
9780061346057
